10 5 35
0.272166 0.136083 0.952579
lrbt: -0.550904 0.550904 -0.414214 0.414214
1 -0 0
0 1 0
-0 -0 1
0,0: [(0 0 0),(-0.446243 -0.332653 -0.830788)]
0,1: [(0 0 0),(-0.427635 -0.336013 -0.83918)]
0,2: [(0 0 0),(-0.408467 -0.339292 -0.84737)]
0,3: [(0 0 0),(-0.388743 -0.342479 -0.855328)]
0,4: [(0 0 0),(-0.36847 -0.345562 -0.863028)]
0,5: [(0 0 0),(-0.347658 -0.348529 -0.870438)]
0,6: [(0 0 0),(-0.326318 -0.351368 -0.877529)]
0,7: [(0 0 0),(-0.304468 -0.354068 -0.884271)]
0,8: [(0 0 0),(-0.282126 -0.356616 -0.890635)]
0,9: [(0 0 0),(-0.259316 -0.359001 -0.89659)]
0,10: [(0 0 0),(-0.236063 -0.36121 -0.902109)]
0,11: [(0 0 0),(-0.212398 -0.363235 -0.907165)]
0,12: [(0 0 0),(-0.188353 -0.365063 -0.91173)]
0,13: [(0 0 0),(-0.163965 -0.366685 -0.915782)]
0,14: [(0 0 0),(-0.139273 -0.368093 -0.919299)]
0,15: [(0 0 0),(-0.114317 -0.369279 -0.922261)]
0,16: [(0 0 0),(-0.0891439 -0.370236 -0.924651)]
0,17: [(0 0 0),(-0.0637985 -0.370959 -0.926455)]
0,18: [(0 0 0),(-0.0383291 -0.371443 -0.927664)]
0,19: [(0 0 0),(-0.0127847 -0.371686 -0.928271)]
0,20: [(0 0 0),(0.0127847 -0.371686 -0.928271)]
0,21: [(0 0 0),(0.0383291 -0.371443 -0.927664)]
0,22: [(0 0 0),(0.0637985 -0.370959 -0.926455)]
0,23: [(0 0 0),(0.0891439 -0.370236 -0.924651)]
0,24: [(0 0 0),(0.114317 -0.369279 -0.922261)]
0,25: [(0 0 0),(0.139273 -0.368093 -0.919299)]
0,26: [(0 0 0),(0.163965 -0.366685 -0.915782)]
0,27: [(0 0 0),(0.188353 -0.365063 -0.91173)]
0,28: [(0 0 0),(0.212398 -0.363235 -0.907165)]
0,29: [(0 0 0),(0.236063 -0.36121 -0.902109)]
0,30: [(0 0 0),(0.259316 -0.359001 -0.89659)]
0,31: [(0 0 0),(0.282126 -0.356616 -0.890635)]
0,32: [(0 0 0),(0.304468 -0.354068 -0.884271)]
0,33: [(0 0 0),(0.326318 -0.351368 -0.877529)]
0,34: [(0 0 0),(0.347658 -0.348529 -0.870438)]
0,35: [(0 0 0),(0.36847 -0.345562 -0.863028)]
0,36: [(0 0 0),(0.388743 -0.342479 -0.855328)]
0,37: [(0 0 0),(0.408467 -0.339292 -0.84737)]
0,38: [(0 0 0),(0.427635 -0.336013 -0.83918)]
0,39: [(0 0 0),(0.446243 -0.332653 -0.830788)]
1,0: [(0 0 0),(-0.449568 -0.312019 -0.836979)]
1,1: [(0 0 0),(-0.430886 -0.315219 -0.845561)]
1,2: [(0 0 0),(-0.411635 -0.318343 -0.853941)]
1,3: [(0 0 0),(-0.391815 -0.32138 -0.862088)]
1,4: [(0 0 0),(-0.371435 -0.324319 -0.869973)]
1,5: [(0 0 0),(-0.350504 -0.327149 -0.877565)]
1,6: [(0 0 0),(-0.329034 -0.329859 -0.884833)]
1,7: [(0 0 0),(-0.307042 -0.332436 -0.891746)]
1,8: [(0 0 0),(-0.284546 -0.33487 -0.898274)]
1,9: [(0 0 0),(-0.26157 -0.337148 -0.904385)]
1,10: [(0 0 0),(-0.238141 -0.33926 -0.91005)]
1,11: [(0 0 0),(-0.214289 -0.341195 -0.915241)]
1,12: [(0 0 0),(-0.190048 -0.342943 -0.919931)]
1,13: [(0 0 0),(-0.165453 -0.344495 -0.924093)]
1,14: [(0 0 0),(-0.140546 -0.345842 -0.927707)]
1,15: [(0 0 0),(-0.11537 -0.346977 -0.930751)]
1,16: [(0 0 0),(-0.0899689 -0.347893 -0.933208)]
1,17: [(0 0 0),(-0.0643913 -0.348584 -0.935063)]
1,18: [(0 0 0),(-0.0386861 -0.349048 -0.936306)]
1,19: [(0 0 0),(-0.012904 -0.34928 -0.936929)]
1,20: [(0 0 0),(0.012904 -0.34928 -0.936929)]
1,21: [(0 0 0),(0.0386861 -0.349048 -0.936306)]
1,22: [(0 0 0),(0.0643913 -0.348584 -0.935063)]
1,23: [(0 0 0),(0.0899689 -0.347893 -0.933208)]
1,24: [(0 0 0),(0.11537 -0.346977 -0.930751)]
1,25: [(0 0 0),(0.140546 -0.345842 -0.927707)]
1,26: [(0 0 0),(0.165453 -0.344495 -0.924093)]
1,27: [(0 0 0),(0.190048 -0.342943 -0.919931)]
1,28: [(0 0 0),(0.214289 -0.341195 -0.915241)]
1,29: [(0 0 0),(0.238141 -0.33926 -0.91005)]
1,30: [(0 0 0),(0.26157 -0.337148 -0.904385)]
1,31: [(0 0 0),(0.284546 -0.33487 -0.898274)]
1,32: [(0 0 0),(0.307042 -0.332436 -0.891746)]
1,33: [(0 0 0),(0.329034 -0.329859 -0.884833)]
1,34: [(0 0 0),(0.350504 -0.327149 -0.877565)]
1,35: [(0 0 0),(0.371435 -0.324319 -0.869973)]
1,36: [(0 0 0),(0.391815 -0.32138 -0.862088)]
1,37: [(0 0 0),(0.411635 -0.318343 -0.853941)]
1,38: [(0 0 0),(0.430886 -0.315219 -0.845561)]
1,39: [(0 0 0),(0.449568 -0.312019 -0.836979)]
2,0: [(0 0 0),(-0.452722 -0.290934 -0.842852)]
2,1: [(0 0 0),(-0.433973 -0.29396 -0.851619)]
2,2: [(0 0 0),(-0.414643 -0.296916 -0.860182)]
2,3: [(0 0 0),(-0.394734 -0.299791 -0.86851)]
2,4: [(0 0 0),(-0.374254 -0.302574 -0.876574)]
2,5: [(0 0 0),(-0.353211 -0.305255 -0.884342)]
2,6: [(0 0 0),(-0.331618 -0.307823 -0.891782)]
2,7: [(0 0 0),(-0.309491 -0.310267 -0.89886)]
2,8: [(0 0 0),(-0.28685 -0.312575 -0.905546)]
2,9: [(0 0 0),(-0.263717 -0.314736 -0.911808)]
2,10: [(0 0 0),(-0.240121 -0.31674 -0.917615)]
2,11: [(0 0 0),(-0.216091 -0.318578 -0.922937)]
2,12: [(0 0 0),(-0.191662 -0.320238 -0.927746)]
2,13: [(0 0 0),(-0.166872 -0.321712 -0.932017)]
2,14: [(0 0 0),(-0.141761 -0.322991 -0.935724)]
2,15: [(0 0 0),(-0.116373 -0.32407 -0.938848)]
2,16: [(0 0 0),(-0.0907558 -0.32494 -0.94137)]
2,17: [(0 0 0),(-0.0649567 -0.325598 -0.943274)]
2,18: [(0 0 0),(-0.0390268 -0.326038 -0.944551)]
2,19: [(0 0 0),(-0.0130177 -0.326259 -0.945191)]
2,20: [(0 0 0),(0.0130177 -0.326259 -0.945191)]
2,21: [(0 0 0),(0.0390268 -0.326038 -0.944551)]
2,22: [(0 0 0),(0.0649567 -0.325598 -0.943274)]
2,23: [(0 0 0),(0.0907558 -0.32494 -0.94137)]
2,24: [(0 0 0),(0.116373 -0.32407 -0.938848)]
2,25: [(0 0 0),(0.141761 -0.322991 -0.935724)]
2,26: [(0 0 0),(0.166872 -0.321712 -0.932017)]
2,27: [(0 0 0),(0.191662 -0.320238 -0.927746)]
2,28: [(0 0 0),(0.216091 -0.318578 -0.922937)]
2,29: [(0 0 0),(0.240121 -0.31674 -0.917615)]
2,30: [(0 0 0),(0.263717 -0.314736 -0.911808)]
2,31: [(0 0 0),(0.28685 -0.312575 -0.905546)]
2,32: [(0 0 0),(0.309491 -0.310267 -0.89886)]
2,33: [(0 0 0),(0.331618 -0.307823 -0.891782)]
2,34: [(0 0 0),(0.353211 -0.305255 -0.884342)]
2,35: [(0 0 0),(0.374254 -0.302574 -0.876574)]
2,36: [(0 0 0),(0.394734 -0.299791 -0.86851)]
2,37: [(0 0 0),(0.414643 -0.296916 -0.860182)]
2,38: [(0 0 0),(0.433973 -0.29396 -0.851619)]
2,39: [(0 0 0),(0.452722 -0.290934 -0.842852)]
3,0: [(0 0 0),(-0.455694 -0.269416 -0.848385)]
3,1: [(0 0 0),(-0.436882 -0.272256 -0.857327)]
3,2: [(0 0 0),(-0.417479 -0.275031 -0.866065)]
3,3: [(0 0 0),(-0.397488 -0.277731 -0.874568)]
3,4: [(0 0 0),(-0.376914 -0.280346 -0.882803)]
3,5: [(0 0 0),(-0.355766 -0.282867 -0.89074)]
3,6: [(0 0 0),(-0.334058 -0.285281 -0.898343)]
3,7: [(0 0 0),(-0.311805 -0.287579 -0.90558)]
3,8: [(0 0 0),(-0.289027 -0.289751 -0.912419)]
3,9: [(0 0 0),(-0.265747 -0.291786 -0.918825)]
3,10: [(0 0 0),(-0.241993 -0.293673 -0.924768)]
3,11: [(0 0 0),(-0.217795 -0.295403 -0.930216)]
3,12: [(0 0 0),(-0.19319 -0.296967 -0.935141)]
3,13: [(0 0 0),(-0.168214 -0.298356 -0.939515)]
3,14: [(0 0 0),(-0.142911 -0.299562 -0.943313)]
3,15: [(0 0 0),(-0.117324 -0.300578 -0.946514)]
3,16: [(0 0 0),(-0.0915008 -0.301399 -0.949098)]
3,17: [(0 0 0),(-0.0654921 -0.302019 -0.95105)]
3,18: [(0 0 0),(-0.0393493 -0.302434 -0.952358)]
3,19: [(0 0 0),(-0.0131255 -0.302643 -0.953014)]
3,20: [(0 0 0),(0.0131255 -0.302643 -0.953014)]
3,21: [(0 0 0),(0.0393493 -0.302434 -0.952358)]
3,22: [(0 0 0),(0.0654921 -0.302019 -0.95105)]
3,23: [(0 0 0),(0.0915008 -0.301399 -0.949098)]
3,24: [(0 0 0),(0.117324 -0.300578 -0.946514)]
3,25: [(0 0 0),(0.142911 -0.299562 -0.943313)]
3,26: [(0 0 0),(0.168214 -0.298356 -0.939515)]
3,27: [(0 0 0),(0.19319 -0.296967 -0.935141)]
3,28: [(0 0 0),(0.217795 -0.295403 -0.930216)]
3,29: [(0 0 0),(0.241993 -0.293673 -0.924768)]
3,30: [(0 0 0),(0.265747 -0.291786 -0.918825)]
3,31: [(0 0 0),(0.289027 -0.289751 -0.912419)]
3,32: [(0 0 0),(0.311805 -0.287579 -0.90558)]
3,33: [(0 0 0),(0.334058 -0.285281 -0.898343)]
3,34: [(0 0 0),(0.355766 -0.282867 -0.89074)]
3,35: [(0 0 0),(0.376914 -0.280346 -0.882803)]
3,36: [(0 0 0),(0.397488 -0.277731 -0.874568)]
3,37: [(0 0 0),(0.417479 -0.275031 -0.866065)]
3,38: [(0 0 0),(0.436882 -0.272256 -0.857327)]
3,39: [(0 0 0),(0.455694 -0.269416 -0.848385)]
4,0: [(0 0 0),(-0.458471 -0.247488 -0.853554)]
4,1: [(0 0 0),(-0.439601 -0.250129 -0.862662)]
4,2: [(0 0 0),(-0.420131 -0.25271 -0.871566)]
4,3: [(0 0 0),(-0.400063 -0.255223 -0.880234)]
4,4: [(0 0 0),(-0.379402 -0.257658 -0.888632)]
4,5: [(0 0 0),(-0.358158 -0.260006 -0.896727)]
4,6: [(0 0 0),(-0.336343 -0.262255 -0.904486)]
4,7: [(0 0 0),(-0.313972 -0.264398 -0.911875)]
4,8: [(0 0 0),(-0.291066 -0.266422 -0.918858)]
4,9: [(0 0 0),(-0.267649 -0.26832 -0.925402)]
4,10: [(0 0 0),(-0.243748 -0.27008 -0.931474)]
4,11: [(0 0 0),(-0.219394 -0.271695 -0.937042)]
4,12: [(0 0 0),(-0.194623 -0.273155 -0.942077)]
4,13: [(0 0 0),(-0.169474 -0.274451 -0.946549)]
4,14: [(0 0 0),(-0.143989 -0.275578 -0.950434)]
4,15: [(0 0 0),(-0.118215 -0.276527 -0.953708)]
4,16: [(0 0 0),(-0.0922001 -0.277294 -0.956351)]
4,17: [(0 0 0),(-0.0659948 -0.277873 -0.958348)]
4,18: [(0 0 0),(-0.0396522 -0.278261 -0.959687)]
4,19: [(0 0 0),(-0.0132266 -0.278455 -0.960358)]
4,20: [(0 0 0),(0.0132266 -0.278455 -0.960358)]
4,21: [(0 0 0),(0.0396522 -0.278261 -0.959687)]
4,22: [(0 0 0),(0.0659948 -0.277873 -0.958348)]
4,23: [(0 0 0),(0.0922001 -0.277294 -0.956351)]
4,24: [(0 0 0),(0.118215 -0.276527 -0.953708)]
4,25: [(0 0 0),(0.143989 -0.275578 -0.950434)]
4,26: [(0 0 0),(0.169474 -0.274451 -0.946549)]
4,27: [(0 0 0),(0.194623 -0.273155 -0.942077)]
4,28: [(0 0 0),(0.219394 -0.271695 -0.937042)]
4,29: [(0 0 0),(0.243748 -0.27008 -0.931474)]
4,30: [(0 0 0),(0.267649 -0.26832 -0.925402)]
4,31: [(0 0 0),(0.291066 -0.266422 -0.918858)]
4,32: [(0 0 0),(0.313972 -0.264398 -0.911875)]
4,33: [(0 0 0),(0.336343 -0.262255 -0.904486)]
4,34: [(0 0 0),(0.358158 -0.260006 -0.896727)]
4,35: [(0 0 0),(0.379402 -0.257658 -0.888632)]
4,36: [(0 0 0),(0.400063 -0.255223 -0.880234)]
4,37: [(0 0 0),(0.420131 -0.25271 -0.871566)]
4,38: [(0 0 0),(0.439601 -0.250129 -0.862662)]
4,39: [(0 0 0),(0.458471 -0.247488 -0.853554)]
5,0: [(0 0 0),(-0.461039 -0.225172 -0.858336)]
5,1: [(0 0 0),(-0.442117 -0.227602 -0.8676)]
5,2: [(0 0 0),(-0.422586 -0.229979 -0.876659)]
5,3: [(0 0 0),(-0.402447 -0.232293 -0.885481)]
5,4: [(0 0 0),(-0.381707 -0.234536 -0.894031)]
5,5: [(0 0 0),(-0.360374 -0.236699 -0.902277)]
5,6: [(0 0 0),(-0.338461 -0.238773 -0.910182)]
5,7: [(0 0 0),(-0.315982 -0.240748 -0.917712)]
5,8: [(0 0 0),(-0.292959 -0.242616 -0.924831)]
5,9: [(0 0 0),(-0.269414 -0.244367 -0.931505)]
5,10: [(0 0 0),(-0.245376 -0.245991 -0.937699)]
5,11: [(0 0 0),(-0.220878 -0.247482 -0.94338)]
5,12: [(0 0 0),(-0.195953 -0.24883 -0.948518)]
5,13: [(0 0 0),(-0.170644 -0.250027 -0.953083)]
5,14: [(0 0 0),(-0.144992 -0.251068 -0.957049)]
5,15: [(0 0 0),(-0.119044 -0.251945 -0.960392)]
5,16: [(0 0 0),(-0.0928499 -0.252653 -0.963091)]
5,17: [(0 0 0),(-0.0664619 -0.253188 -0.965131)]
5,18: [(0 0 0),(-0.0399336 -0.253547 -0.966499)]
5,19: [(0 0 0),(-0.0133206 -0.253727 -0.967184)]
5,20: [(0 0 0),(0.0133206 -0.253727 -0.967184)]
5,21: [(0 0 0),(0.0399336 -0.253547 -0.966499)]
5,22: [(0 0 0),(0.0664619 -0.253188 -0.965131)]
5,23: [(0 0 0),(0.0928499 -0.252653 -0.963091)]
5,24: [(0 0 0),(0.119044 -0.251945 -0.960392)]
5,25: [(0 0 0),(0.144992 -0.251068 -0.957049)]
5,26: [(0 0 0),(0.170644 -0.250027 -0.953083)]
5,27: [(0 0 0),(0.195953 -0.24883 -0.948518)]
5,28: [(0 0 0),(0.220878 -0.247482 -0.94338)]
5,29: [(0 0 0),(0.245376 -0.245991 -0.937699)]
5,30: [(0 0 0),(0.269414 -0.244367 -0.931505)]
5,31: [(0 0 0),(0.292959 -0.242616 -0.924831)]
5,32: [(0 0 0),(0.315982 -0.240748 -0.917712)]
5,33: [(0 0 0),(0.338461 -0.238773 -0.910182)]
5,34: [(0 0 0),(0.360374 -0.236699 -0.902277)]
5,35: [(0 0 0),(0.381707 -0.234536 -0.894031)]
5,36: [(0 0 0),(0.402447 -0.232293 -0.885481)]
5,37: [(0 0 0),(0.422586 -0.229979 -0.876659)]
5,38: [(0 0 0),(0.442117 -0.227602 -0.8676)]
5,39: [(0 0 0),(0.461039 -0.225172 -0.858336)]
6,0: [(0 0 0),(-0.463388 -0.202496 -0.862709)]
6,1: [(0 0 0),(-0.444419 -0.204704 -0.872117)]
6,2: [(0 0 0),(-0.424832 -0.206864 -0.88132)]
6,3: [(0 0 0),(-0.404631 -0.208968 -0.890284)]
6,4: [(0 0 0),(-0.383819 -0.211009 -0.898976)]
6,5: [(0 0 0),(-0.362405 -0.212977 -0.907361)]
6,6: [(0 0 0),(-0.340402 -0.214864 -0.915402)]
6,7: [(0 0 0),(-0.317824 -0.216662 -0.923063)]
6,8: [(0 0 0),(-0.294694 -0.218363 -0.930308)]
6,9: [(0 0 0),(-0.271033 -0.219958 -0.937102)]
6,10: [(0 0 0),(-0.246871 -0.221438 -0.943409)]
6,11: [(0 0 0),(-0.222239 -0.222796 -0.949195)]
6,12: [(0 0 0),(-0.197175 -0.224025 -0.954429)]
6,13: [(0 0 0),(-0.171717 -0.225116 -0.959081)]
6,14: [(0 0 0),(-0.145912 -0.226065 -0.963122)]
6,15: [(0 0 0),(-0.119805 -0.226865 -0.966529)]
6,16: [(0 0 0),(-0.0934467 -0.227511 -0.969281)]
6,17: [(0 0 0),(-0.0668908 -0.227999 -0.971361)]
6,18: [(0 0 0),(-0.0401921 -0.228326 -0.972755)]
6,19: [(0 0 0),(-0.013407 -0.22849 -0.973454)]
6,20: [(0 0 0),(0.013407 -0.22849 -0.973454)]
6,21: [(0 0 0),(0.0401921 -0.228326 -0.972755)]
6,22: [(0 0 0),(0.0668908 -0.227999 -0.971361)]
6,23: [(0 0 0),(0.0934467 -0.227511 -0.969281)]
6,24: [(0 0 0),(0.119805 -0.226865 -0.966529)]
6,25: [(0 0 0),(0.145912 -0.226065 -0.963122)]
6,26: [(0 0 0),(0.171717 -0.225116 -0.959081)]
6,27: [(0 0 0),(0.197175 -0.224025 -0.954429)]
6,28: [(0 0 0),(0.222239 -0.222796 -0.949195)]
6,29: [(0 0 0),(0.246871 -0.221438 -0.943409)]
6,30: [(0 0 0),(0.271033 -0.219958 -0.937102)]
6,31: [(0 0 0),(0.294694 -0.218363 -0.930308)]
6,32: [(0 0 0),(0.317824 -0.216662 -0.923063)]
6,33: [(0 0 0),(0.340402 -0.214864 -0.915402)]
6,34: [(0 0 0),(0.362405 -0.212977 -0.907361)]
6,35: [(0 0 0),(0.383819 -0.211009 -0.898976)]
6,36: [(0 0 0),(0.404631 -0.208968 -0.890284)]
6,37: [(0 0 0),(0.424832 -0.206864 -0.88132)]
6,38: [(0 0 0),(0.444419 -0.204704 -0.872117)]
6,39: [(0 0 0),(0.463388 -0.202496 -0.862709)]
7,0: [(0 0 0),(-0.465506 -0.17949 -0.866653)]
7,1: [(0 0 0),(-0.446495 -0.181465 -0.876192)]
7,2: [(0 0 0),(-0.42686 -0.183398 -0.885526)]
7,3: [(0 0 0),(-0.406601 -0.185282 -0.894621)]
7,4: [(0 0 0),(-0.385725 -0.187109 -0.903441)]
7,5: [(0 0 0),(-0.364239 -0.188872 -0.911953)]
7,6: [(0 0 0),(-0.342155 -0.190563 -0.920117)]
7,7: [(0 0 0),(-0.319489 -0.192174 -0.927899)]
7,8: [(0 0 0),(-0.296262 -0.193699 -0.935259)]
7,9: [(0 0 0),(-0.272497 -0.195128 -0.942163)]
7,10: [(0 0 0),(-0.248222 -0.196456 -0.948573)]
7,11: [(0 0 0),(-0.223471 -0.197674 -0.954456)]
7,12: [(0 0 0),(-0.19828 -0.198776 -0.959778)]
7,13: [(0 0 0),(-0.172689 -0.199756 -0.964508)]
7,14: [(0 0 0),(-0.146744 -0.200608 -0.968619)]
7,15: [(0 0 0),(-0.120493 -0.201325 -0.972085)]
7,16: [(0 0 0),(-0.0939869 -0.201905 -0.974885)]
7,17: [(0 0 0),(-0.0672792 -0.202343 -0.977001)]
7,18: [(0 0 0),(-0.0404261 -0.202637 -0.978419)]
7,19: [(0 0 0),(-0.0134852 -0.202785 -0.97913)]
7,20: [(0 0 0),(0.0134852 -0.202785 -0.97913)]
7,21: [(0 0 0),(0.0404261 -0.202637 -0.978419)]
7,22: [(0 0 0),(0.0672792 -0.202343 -0.977001)]
7,23: [(0 0 0),(0.0939869 -0.201905 -0.974885)]
7,24: [(0 0 0),(0.120493 -0.201325 -0.972085)]
7,25: [(0 0 0),(0.146744 -0.200608 -0.968619)]
7,26: [(0 0 0),(0.172689 -0.199756 -0.964508)]
7,27: [(0 0 0),(0.19828 -0.198776 -0.959778)]
7,28: [(0 0 0),(0.223471 -0.197674 -0.954456)]
7,29: [(0 0 0),(0.248222 -0.196456 -0.948573)]
7,30: [(0 0 0),(0.272497 -0.195128 -0.942163)]
7,31: [(0 0 0),(0.296262 -0.193699 -0.935259)]
7,32: [(0 0 0),(0.319489 -0.192174 -0.927899)]
7,33: [(0 0 0),(0.342155 -0.190563 -0.920117)]
7,34: [(0 0 0),(0.364239 -0.188872 -0.911953)]
7,35: [(0 0 0),(0.385725 -0.187109 -0.903441)]
7,36: [(0 0 0),(0.406601 -0.185282 -0.894621)]
7,37: [(0 0 0),(0.42686 -0.183398 -0.885526)]
7,38: [(0 0 0),(0.446495 -0.181465 -0.876192)]
7,39: [(0 0 0),(0.465506 -0.17949 -0.866653)]
8,0: [(0 0 0),(-0.467384 -0.156185 -0.870148)]
8,1: [(0 0 0),(-0.448336 -0.157918 -0.879805)]
8,2: [(0 0 0),(-0.428658 -0.159615 -0.889256)]
8,3: [(0 0 0),(-0.40835 -0.161268 -0.898467)]
8,4: [(0 0 0),(-0.387417 -0.162872 -0.907404)]
8,5: [(0 0 0),(-0.365867 -0.16442 -0.916028)]
8,6: [(0 0 0),(-0.343712 -0.165906 -0.924304)]
8,7: [(0 0 0),(-0.320968 -0.167322 -0.932193)]
8,8: [(0 0 0),(-0.297655 -0.168661 -0.939657)]
8,9: [(0 0 0),(-0.273797 -0.169918 -0.946659)]
8,10: [(0 0 0),(-0.249423 -0.171085 -0.953162)]
8,11: [(0 0 0),(-0.224565 -0.172157 -0.959131)]
8,12: [(0 0 0),(-0.199262 -0.173126 -0.964532)]
8,13: [(0 0 0),(-0.173553 -0.173988 -0.969333)]
8,14: [(0 0 0),(-0.147485 -0.174737 -0.973507)]
8,15: [(0 0 0),(-0.121106 -0.175369 -0.977026)]
8,16: [(0 0 0),(-0.0944674 -0.175879 -0.979869)]
8,17: [(0 0 0),(-0.0676247 -0.176265 -0.982017)]
8,18: [(0 0 0),(-0.0406343 -0.176523 -0.983457)]
8,19: [(0 0 0),(-0.0135547 -0.176653 -0.98418)]
8,20: [(0 0 0),(0.0135547 -0.176653 -0.98418)]
8,21: [(0 0 0),(0.0406343 -0.176523 -0.983457)]
8,22: [(0 0 0),(0.0676247 -0.176265 -0.982017)]
8,23: [(0 0 0),(0.0944674 -0.175879 -0.979869)]
8,24: [(0 0 0),(0.121106 -0.175369 -0.977026)]
8,25: [(0 0 0),(0.147485 -0.174737 -0.973507)]
8,26: [(0 0 0),(0.173553 -0.173988 -0.969333)]
8,27: [(0 0 0),(0.199262 -0.173126 -0.964532)]
8,28: [(0 0 0),(0.224565 -0.172157 -0.959131)]
8,29: [(0 0 0),(0.249423 -0.171085 -0.953162)]
8,30: [(0 0 0),(0.273797 -0.169918 -0.946659)]
8,31: [(0 0 0),(0.297655 -0.168661 -0.939657)]
8,32: [(0 0 0),(0.320968 -0.167322 -0.932193)]
8,33: [(0 0 0),(0.343712 -0.165906 -0.924304)]
8,34: [(0 0 0),(0.365867 -0.16442 -0.916028)]
8,35: [(0 0 0),(0.387417 -0.162872 -0.907404)]
8,36: [(0 0 0),(0.40835 -0.161268 -0.898467)]
8,37: [(0 0 0),(0.428658 -0.159615 -0.889256)]
8,38: [(0 0 0),(0.448336 -0.157918 -0.879805)]
8,39: [(0 0 0),(0.467384 -0.156185 -0.870148)]
9,0: [(0 0 0),(-0.469012 -0.132617 -0.873179)]
9,1: [(0 0 0),(-0.449933 -0.134099 -0.882937)]
9,2: [(0 0 0),(-0.430217 -0.13555 -0.892491)]
9,3: [(0 0 0),(-0.409866 -0.136964 -0.901804)]
9,4: [(0 0 0),(-0.388884 -0.138337 -0.910841)]
9,5: [(0 0 0),(-0.367279 -0.139662 -0.919565)]
9,6: [(0 0 0),(-0.345063 -0.140934 -0.927938)]
9,7: [(0 0 0),(-0.322252 -0.142146 -0.935921)]
9,8: [(0 0 0),(-0.298865 -0.143294 -0.943476)]
9,9: [(0 0 0),(-0.274927 -0.14437 -0.950564)]
9,10: [(0 0 0),(-0.250466 -0.14537 -0.957149)]
9,11: [(0 0 0),(-0.225517 -0.146288 -0.963194)]
9,12: [(0 0 0),(-0.200115 -0.147119 -0.968664)]
9,13: [(0 0 0),(-0.174304 -0.147858 -0.973528)]
9,14: [(0 0 0),(-0.148129 -0.1485 -0.977755)]
9,15: [(0 0 0),(-0.121638 -0.149041 -0.981321)]
9,16: [(0 0 0),(-0.0948851 -0.149479 -0.984202)]
9,17: [(0 0 0),(-0.067925 -0.14981 -0.986379)]
9,18: [(0 0 0),(-0.0408153 -0.150031 -0.987838)]
9,19: [(0 0 0),(-0.0136152 -0.150142 -0.988571)]
9,20: [(0 0 0),(0.0136152 -0.150142 -0.988571)]
9,21: [(0 0 0),(0.0408153 -0.150031 -0.987838)]
9,22: [(0 0 0),(0.067925 -0.14981 -0.986379)]
9,23: [(0 0 0),(0.0948851 -0.149479 -0.984202)]
9,24: [(0 0 0),(0.121638 -0.149041 -0.981321)]
9,25: [(0 0 0),(0.148129 -0.1485 -0.977755)]
9,26: [(0 0 0),(0.174304 -0.147858 -0.973528)]
9,27: [(0 0 0),(0.200115 -0.147119 -0.968664)]
9,28: [(0 0 0),(0.225517 -0.146288 -0.963194)]
9,29: [(0 0 0),(0.250466 -0.14537 -0.957149)]
9,30: [(0 0 0),(0.274927 -0.14437 -0.950564)]
9,31: [(0 0 0),(0.298865 -0.143294 -0.943476)]
9,32: [(0 0 0),(0.322252 -0.142146 -0.935921)]
9,33: [(0 0 0),(0.345063 -0.140934 -0.927938)]
9,34: [(0 0 0),(0.367279 -0.139662 -0.919565)]
9,35: [(0 0 0),(0.388884 -0.138337 -0.910841)]
9,36: [(0 0 0),(0.409866 -0.136964 -0.901804)]
9,37: [(0 0 0),(0.430217 -0.13555 -0.892491)]
9,38: [(0 0 0),(0.449933 -0.134099 -0.882937)]
9,39: [(0 0 0),(0.469012 -0.132617 -0.873179)]
10,0: [(0 0 0),(-0.470381 -0.108822 -0.875728)]
10,1: [(0 0 0),(-0.451276 -0.110045 -0.885573)]
10,2: [(0 0 0),(-0.43153 -0.111243 -0.895213)]
10,3: [(0 0 0),(-0.411143 -0.112411 -0.904613)]
10,4: [(0 0 0),(-0.39012 -0.113545 -0.913736)]
10,5: [(0 0 0),(-0.368469 -0.114639 -0.922544)]
10,6: [(0 0 0),(-0.346202 -0.11569 -0.931)]
10,7: [(0 0 0),(-0.323333 -0.116692 -0.939063)]
10,8: [(0 0 0),(-0.299884 -0.11764 -0.946694)]
10,9: [(0 0 0),(-0.275879 -0.11853 -0.953856)]
10,10: [(0 0 0),(-0.251346 -0.119357 -0.96051)]
10,11: [(0 0 0),(-0.226319 -0.120116 -0.966619)]
10,12: [(0 0 0),(-0.200835 -0.120803 -0.972148)]
10,13: [(0 0 0),(-0.174937 -0.121414 -0.977065)]
10,14: [(0 0 0),(-0.148672 -0.121945 -0.981339)]
10,15: [(0 0 0),(-0.122087 -0.122393 -0.984944)]
10,16: [(0 0 0),(-0.0952375 -0.122755 -0.987857)]
10,17: [(0 0 0),(-0.0681784 -0.123029 -0.990058)]
10,18: [(0 0 0),(-0.040968 -0.123212 -0.991534)]
10,19: [(0 0 0),(-0.0136662 -0.123304 -0.992275)]
10,20: [(0 0 0),(0.0136662 -0.123304 -0.992275)]
10,21: [(0 0 0),(0.040968 -0.123212 -0.991534)]
10,22: [(0 0 0),(0.0681784 -0.123029 -0.990058)]
10,23: [(0 0 0),(0.0952375 -0.122755 -0.987857)]
10,24: [(0 0 0),(0.122087 -0.122393 -0.984944)]
10,25: [(0 0 0),(0.148672 -0.121945 -0.981339)]
10,26: [(0 0 0),(0.174937 -0.121414 -0.977065)]
10,27: [(0 0 0),(0.200835 -0.120803 -0.972148)]
10,28: [(0 0 0),(0.226319 -0.120116 -0.966619)]
10,29: [(0 0 0),(0.251346 -0.119357 -0.96051)]
10,30: [(0 0 0),(0.275879 -0.11853 -0.953856)]
10,31: [(0 0 0),(0.299884 -0.11764 -0.946694)]
10,32: [(0 0 0),(0.323333 -0.116692 -0.939063)]
10,33: [(0 0 0),(0.346202 -0.11569 -0.931)]
10,34: [(0 0 0),(0.368469 -0.114639 -0.922544)]
10,35: [(0 0 0),(0.39012 -0.113545 -0.913736)]
10,36: [(0 0 0),(0.411143 -0.112411 -0.904613)]
10,37: [(0 0 0),(0.43153 -0.111243 -0.895213)]
10,38: [(0 0 0),(0.451276 -0.110045 -0.885573)]
10,39: [(0 0 0),(0.470381 -0.108822 -0.875728)]
11,0: [(0 0 0),(-0.471485 -0.0848376 -0.877784)]
11,1: [(0 0 0),(-0.452359 -0.085796 -0.887699)]
11,2: [(0 0 0),(-0.432588 -0.0867345 -0.89741)]
11,3: [(0 0 0),(-0.412173 -0.0876498 -0.90688)]
11,4: [(0 0 0),(-0.391118 -0.0885382 -0.916072)]
11,5: [(0 0 0),(-0.36943 -0.0893961 -0.924949)]
11,6: [(0 0 0),(-0.347121 -0.0902198 -0.933471)]
11,7: [(0 0 0),(-0.324207 -0.0910054 -0.941599)]
11,8: [(0 0 0),(-0.300707 -0.091749 -0.949293)]
11,9: [(0 0 0),(-0.276648 -0.092447 -0.956514)]
11,10: [(0 0 0),(-0.252056 -0.0930955 -0.963224)]
11,11: [(0 0 0),(-0.226966 -0.093691 -0.969386)]
11,12: [(0 0 0),(-0.201417 -0.09423 -0.974963)]
11,13: [(0 0 0),(-0.175449 -0.0947093 -0.979922)]
11,14: [(0 0 0),(-0.14911 -0.0951261 -0.984234)]
11,15: [(0 0 0),(-0.12245 -0.0954776 -0.987871)]
11,16: [(0 0 0),(-0.0955223 -0.0957617 -0.99081)]
11,17: [(0 0 0),(-0.0683832 -0.0959764 -0.993032)]
11,18: [(0 0 0),(-0.0410914 -0.0961203 -0.994521)]
11,19: [(0 0 0),(-0.0137074 -0.0961925 -0.995268)]
11,20: [(0 0 0),(0.0137074 -0.0961925 -0.995268)]
11,21: [(0 0 0),(0.0410914 -0.0961203 -0.994521)]
11,22: [(0 0 0),(0.0683832 -0.0959764 -0.993032)]
11,23: [(0 0 0),(0.0955223 -0.0957617 -0.99081)]
11,24: [(0 0 0),(0.12245 -0.0954776 -0.987871)]
11,25: [(0 0 0),(0.14911 -0.0951261 -0.984234)]
11,26: [(0 0 0),(0.175449 -0.0947093 -0.979922)]
11,27: [(0 0 0),(0.201417 -0.09423 -0.974963)]
11,28: [(0 0 0),(0.226966 -0.093691 -0.969386)]
11,29: [(0 0 0),(0.252056 -0.0930955 -0.963224)]
11,30: [(0 0 0),(0.276648 -0.092447 -0.956514)]
11,31: [(0 0 0),(0.300707 -0.091749 -0.949293)]
11,32: [(0 0 0),(0.324207 -0.0910054 -0.941599)]
11,33: [(0 0 0),(0.347121 -0.0902198 -0.933471)]
11,34: [(0 0 0),(0.36943 -0.0893961 -0.924949)]
11,35: [(0 0 0),(0.391118 -0.0885382 -0.916072)]
11,36: [(0 0 0),(0.412173 -0.0876498 -0.90688)]
11,37: [(0 0 0),(0.432588 -0.0867345 -0.89741)]
11,38: [(0 0 0),(0.452359 -0.085796 -0.887699)]
11,39: [(0 0 0),(0.471485 -0.0848376 -0.877784)]
12,0: [(0 0 0),(-0.472319 -0.0607054 -0.879335)]
12,1: [(0 0 0),(-0.453177 -0.0613936 -0.889304)]
12,2: [(0 0 0),(-0.433388 -0.0620677 -0.899068)]
12,3: [(0 0 0),(-0.412951 -0.0627251 -0.908591)]
12,4: [(0 0 0),(-0.391871 -0.0633633 -0.917836)]
12,5: [(0 0 0),(-0.370155 -0.0639797 -0.926764)]
12,6: [(0 0 0),(-0.347815 -0.0645716 -0.935337)]
12,7: [(0 0 0),(-0.324866 -0.0651361 -0.943514)]
12,8: [(0 0 0),(-0.301329 -0.0656705 -0.951256)]
12,9: [(0 0 0),(-0.277228 -0.0661722 -0.958523)]
12,10: [(0 0 0),(-0.252593 -0.0666384 -0.965275)]
12,11: [(0 0 0),(-0.227456 -0.0670664 -0.971476)]
12,12: [(0 0 0),(-0.201856 -0.067454 -0.97709)]
12,13: [(0 0 0),(-0.175836 -0.0677986 -0.982082)]
12,14: [(0 0 0),(-0.149442 -0.0680983 -0.986423)]
12,15: [(0 0 0),(-0.122724 -0.0683511 -0.990084)]
12,16: [(0 0 0),(-0.0957375 -0.0685553 -0.993043)]
12,17: [(0 0 0),(-0.068538 -0.0687097 -0.99528)]
12,18: [(0 0 0),(-0.0411847 -0.0688132 -0.996779)]
12,19: [(0 0 0),(-0.0137386 -0.0688652 -0.997531)]
12,20: [(0 0 0),(0.0137386 -0.0688652 -0.997531)]
12,21: [(0 0 0),(0.0411847 -0.0688132 -0.996779)]
12,22: [(0 0 0),(0.068538 -0.0687097 -0.99528)]
12,23: [(0 0 0),(0.0957375 -0.0685553 -0.993043)]
12,24: [(0 0 0),(0.122724 -0.0683511 -0.990084)]
12,25: [(0 0 0),(0.149442 -0.0680983 -0.986423)]
12,26: [(0 0 0),(0.175836 -0.0677986 -0.982082)]
12,27: [(0 0 0),(0.201856 -0.067454 -0.97709)]
12,28: [(0 0 0),(0.227456 -0.0670664 -0.971476)]
12,29: [(0 0 0),(0.252593 -0.0666384 -0.965275)]
12,30: [(0 0 0),(0.277228 -0.0661722 -0.958523)]
12,31: [(0 0 0),(0.301329 -0.0656705 -0.951256)]
12,32: [(0 0 0),(0.324866 -0.0651361 -0.943514)]
12,33: [(0 0 0),(0.347815 -0.0645716 -0.935337)]
12,34: [(0 0 0),(0.370155 -0.0639797 -0.926764)]
12,35: [(0 0 0),(0.391871 -0.0633633 -0.917836)]
12,36: [(0 0 0),(0.412951 -0.0627251 -0.908591)]
12,37: [(0 0 0),(0.433388 -0.0620677 -0.899068)]
12,38: [(0 0 0),(0.453177 -0.0613936 -0.889304)]
12,39: [(0 0 0),(0.472319 -0.0607054 -0.879335)]
13,0: [(0 0 0),(-0.472876 -0.0364663 -0.880374)]
13,1: [(0 0 0),(-0.453725 -0.0368807 -0.890378)]
13,2: [(0 0 0),(-0.433923 -0.0372866 -0.900178)]
13,3: [(0 0 0),(-0.413472 -0.0376825 -0.909737)]
13,4: [(0 0 0),(-0.392375 -0.0380669 -0.919017)]
13,5: [(0 0 0),(-0.370641 -0.0384382 -0.927981)]
13,6: [(0 0 0),(-0.34828 -0.0387947 -0.936588)]
13,7: [(0 0 0),(-0.325308 -0.0391348 -0.944798)]
13,8: [(0 0 0),(-0.301746 -0.0394568 -0.952572)]
13,9: [(0 0 0),(-0.277618 -0.0397591 -0.959869)]
13,10: [(0 0 0),(-0.252952 -0.0400399 -0.96665)]
13,11: [(0 0 0),(-0.227784 -0.0402979 -0.972878)]
13,12: [(0 0 0),(-0.202151 -0.0405314 -0.978515)]
13,13: [(0 0 0),(-0.176095 -0.0407391 -0.98353)]
13,14: [(0 0 0),(-0.149664 -0.0409197 -0.98789)]
13,15: [(0 0 0),(-0.122908 -0.0410721 -0.991568)]
13,16: [(0 0 0),(-0.0958818 -0.0411952 -0.99454)]
13,17: [(0 0 0),(-0.0686417 -0.0412883 -0.996787)]
13,18: [(0 0 0),(-0.0412473 -0.0413507 -0.998293)]
13,19: [(0 0 0),(-0.0137595 -0.041382 -0.999049)]
13,20: [(0 0 0),(0.0137595 -0.041382 -0.999049)]
13,21: [(0 0 0),(0.0412473 -0.0413507 -0.998293)]
13,22: [(0 0 0),(0.0686417 -0.0412883 -0.996787)]
13,23: [(0 0 0),(0.0958818 -0.0411952 -0.99454)]
13,24: [(0 0 0),(0.122908 -0.0410721 -0.991568)]
13,25: [(0 0 0),(0.149664 -0.0409197 -0.98789)]
13,26: [(0 0 0),(0.176095 -0.0407391 -0.98353)]
13,27: [(0 0 0),(0.202151 -0.0405314 -0.978515)]
13,28: [(0 0 0),(0.227784 -0.0402979 -0.972878)]
13,29: [(0 0 0),(0.252952 -0.0400399 -0.96665)]
13,30: [(0 0 0),(0.277618 -0.0397591 -0.959869)]
13,31: [(0 0 0),(0.301746 -0.0394568 -0.952572)]
13,32: [(0 0 0),(0.325308 -0.0391348 -0.944798)]
13,33: [(0 0 0),(0.34828 -0.0387947 -0.936588)]
13,34: [(0 0 0),(0.370641 -0.0384382 -0.927981)]
13,35: [(0 0 0),(0.392375 -0.0380669 -0.919017)]
13,36: [(0 0 0),(0.413472 -0.0376825 -0.909737)]
13,37: [(0 0 0),(0.433923 -0.0372866 -0.900178)]
13,38: [(0 0 0),(0.453725 -0.0368807 -0.890378)]
13,39: [(0 0 0),(0.472876 -0.0364663 -0.880374)]
14,0: [(0 0 0),(-0.473156 -0.0121626 -0.880895)]
14,1: [(0 0 0),(-0.453999 -0.012301 -0.890917)]
14,2: [(0 0 0),(-0.434191 -0.0124366 -0.900735)]
14,3: [(0 0 0),(-0.413733 -0.0125688 -0.910312)]
14,4: [(0 0 0),(-0.392628 -0.0126972 -0.91961)]
14,5: [(0 0 0),(-0.370884 -0.0128212 -0.928591)]
14,6: [(0 0 0),(-0.348513 -0.0129402 -0.937215)]
14,7: [(0 0 0),(-0.32553 -0.0130538 -0.945442)]
14,8: [(0 0 0),(-0.301955 -0.0131614 -0.953231)]
14,9: [(0 0 0),(-0.277813 -0.0132623 -0.960544)]
14,10: [(0 0 0),(-0.253133 -0.0133562 -0.967339)]
14,11: [(0 0 0),(-0.227949 -0.0134423 -0.97358)]
14,12: [(0 0 0),(-0.202298 -0.0135204 -0.979231)]
14,13: [(0 0 0),(-0.176225 -0.0135897 -0.984256)]
14,14: [(0 0 0),(-0.149775 -0.0136501 -0.988626)]
14,15: [(0 0 0),(-0.123 -0.013701 -0.992312)]
14,16: [(0 0 0),(-0.0959542 -0.0137421 -0.995291)]
14,17: [(0 0 0),(-0.0686938 -0.0137732 -0.997543)]
14,18: [(0 0 0),(-0.0412787 -0.013794 -0.999052)]
14,19: [(0 0 0),(-0.01377 -0.0138045 -0.99981)]
14,20: [(0 0 0),(0.01377 -0.0138045 -0.99981)]
14,21: [(0 0 0),(0.0412787 -0.013794 -0.999052)]
14,22: [(0 0 0),(0.0686938 -0.0137732 -0.997543)]
14,23: [(0 0 0),(0.0959542 -0.0137421 -0.995291)]
14,24: [(0 0 0),(0.123 -0.013701 -0.992312)]
14,25: [(0 0 0),(0.149775 -0.0136501 -0.988626)]
14,26: [(0 0 0),(0.176225 -0.0135897 -0.984256)]
14,27: [(0 0 0),(0.202298 -0.0135204 -0.979231)]
14,28: [(0 0 0),(0.227949 -0.0134423 -0.97358)]
14,29: [(0 0 0),(0.253133 -0.0133562 -0.967339)]
14,30: [(0 0 0),(0.277813 -0.0132623 -0.960544)]
14,31: [(0 0 0),(0.301955 -0.0131614 -0.953231)]
14,32: [(0 0 0),(0.32553 -0.0130538 -0.945442)]
14,33: [(0 0 0),(0.348513 -0.0129402 -0.937215)]
14,34: [(0 0 0),(0.370884 -0.0128212 -0.928591)]
14,35: [(0 0 0),(0.392628 -0.0126972 -0.91961)]
14,36: [(0 0 0),(0.413733 -0.0125688 -0.910312)]
14,37: [(0 0 0),(0.434191 -0.0124366 -0.900735)]
14,38: [(0 0 0),(0.453999 -0.012301 -0.890917)]
14,39: [(0 0 0),(0.473156 -0.0121626 -0.880895)]
15,0: [(0 0 0),(-0.473156 0.0121626 -0.880895)]
15,1: [(0 0 0),(-0.453999 0.012301 -0.890917)]
15,2: [(0 0 0),(-0.434191 0.0124366 -0.900735)]
15,3: [(0 0 0),(-0.413733 0.0125688 -0.910312)]
15,4: [(0 0 0),(-0.392628 0.0126972 -0.91961)]
15,5: [(0 0 0),(-0.370884 0.0128212 -0.928591)]
15,6: [(0 0 0),(-0.348513 0.0129402 -0.937215)]
15,7: [(0 0 0),(-0.32553 0.0130538 -0.945442)]
15,8: [(0 0 0),(-0.301955 0.0131614 -0.953231)]
15,9: [(0 0 0),(-0.277813 0.0132623 -0.960544)]
15,10: [(0 0 0),(-0.253133 0.0133562 -0.967339)]
15,11: [(0 0 0),(-0.227949 0.0134423 -0.97358)]
15,12: [(0 0 0),(-0.202298 0.0135204 -0.979231)]
15,13: [(0 0 0),(-0.176225 0.0135897 -0.984256)]
15,14: [(0 0 0),(-0.149775 0.0136501 -0.988626)]
15,15: [(0 0 0),(-0.123 0.013701 -0.992312)]
15,16: [(0 0 0),(-0.0959542 0.0137421 -0.995291)]
15,17: [(0 0 0),(-0.0686938 0.0137732 -0.997543)]
15,18: [(0 0 0),(-0.0412787 0.013794 -0.999052)]
15,19: [(0 0 0),(-0.01377 0.0138045 -0.99981)]
15,20: [(0 0 0),(0.01377 0.0138045 -0.99981)]
15,21: [(0 0 0),(0.0412787 0.013794 -0.999052)]
15,22: [(0 0 0),(0.0686938 0.0137732 -0.997543)]
15,23: [(0 0 0),(0.0959542 0.0137421 -0.995291)]
15,24: [(0 0 0),(0.123 0.013701 -0.992312)]
15,25: [(0 0 0),(0.149775 0.0136501 -0.988626)]
15,26: [(0 0 0),(0.176225 0.0135897 -0.984256)]
15,27: [(0 0 0),(0.202298 0.0135204 -0.979231)]
15,28: [(0 0 0),(0.227949 0.0134423 -0.97358)]
15,29: [(0 0 0),(0.253133 0.0133562 -0.967339)]
15,30: [(0 0 0),(0.277813 0.0132623 -0.960544)]
15,31: [(0 0 0),(0.301955 0.0131614 -0.953231)]
15,32: [(0 0 0),(0.32553 0.0130538 -0.945442)]
15,33: [(0 0 0),(0.348513 0.0129402 -0.937215)]
15,34: [(0 0 0),(0.370884 0.0128212 -0.928591)]
15,35: [(0 0 0),(0.392628 0.0126972 -0.91961)]
15,36: [(0 0 0),(0.413733 0.0125688 -0.910312)]
15,37: [(0 0 0),(0.434191 0.0124366 -0.900735)]
15,38: [(0 0 0),(0.453999 0.012301 -0.890917)]
15,39: [(0 0 0),(0.473156 0.0121626 -0.880895)]
16,0: [(0 0 0),(-0.472876 0.0364663 -0.880374)]
16,1: [(0 0 0),(-0.453725 0.0368807 -0.890378)]
16,2: [(0 0 0),(-0.433923 0.0372866 -0.900178)]
16,3: [(0 0 0),(-0.413472 0.0376825 -0.909737)]
16,4: [(0 0 0),(-0.392375 0.0380669 -0.919017)]
16,5: [(0 0 0),(-0.370641 0.0384382 -0.927981)]
16,6: [(0 0 0),(-0.34828 0.0387947 -0.936588)]
16,7: [(0 0 0),(-0.325308 0.0391348 -0.944798)]
16,8: [(0 0 0),(-0.301746 0.0394568 -0.952572)]
16,9: [(0 0 0),(-0.277618 0.0397591 -0.959869)]
16,10: [(0 0 0),(-0.252952 0.0400399 -0.96665)]
16,11: [(0 0 0),(-0.227784 0.0402979 -0.972878)]
16,12: [(0 0 0),(-0.202151 0.0405314 -0.978515)]
16,13: [(0 0 0),(-0.176095 0.0407391 -0.98353)]
16,14: [(0 0 0),(-0.149664 0.0409197 -0.98789)]
16,15: [(0 0 0),(-0.122908 0.0410721 -0.991568)]
16,16: [(0 0 0),(-0.0958818 0.0411952 -0.99454)]
16,17: [(0 0 0),(-0.0686417 0.0412883 -0.996787)]
16,18: [(0 0 0),(-0.0412473 0.0413507 -0.998293)]
16,19: [(0 0 0),(-0.0137595 0.041382 -0.999049)]
16,20: [(0 0 0),(0.0137595 0.041382 -0.999049)]
16,21: [(0 0 0),(0.0412473 0.0413507 -0.998293)]
16,22: [(0 0 0),(0.0686417 0.0412883 -0.996787)]
16,23: [(0 0 0),(0.0958818 0.0411952 -0.99454)]
16,24: [(0 0 0),(0.122908 0.0410721 -0.991568)]
16,25: [(0 0 0),(0.149664 0.0409197 -0.98789)]
16,26: [(0 0 0),(0.176095 0.0407391 -0.98353)]
16,27: [(0 0 0),(0.202151 0.0405314 -0.978515)]
16,28: [(0 0 0),(0.227784 0.0402979 -0.972878)]
16,29: [(0 0 0),(0.252952 0.0400399 -0.96665)]
16,30: [(0 0 0),(0.277618 0.0397591 -0.959869)]
16,31: [(0 0 0),(0.301746 0.0394568 -0.952572)]
16,32: [(0 0 0),(0.325308 0.0391348 -0.944798)]
16,33: [(0 0 0),(0.34828 0.0387947 -0.936588)]
16,34: [(0 0 0),(0.370641 0.0384382 -0.927981)]
16,35: [(0 0 0),(0.392375 0.0380669 -0.919017)]
16,36: [(0 0 0),(0.413472 0.0376825 -0.909737)]
16,37: [(0 0 0),(0.433923 0.0372866 -0.900178)]
16,38: [(0 0 0),(0.453725 0.0368807 -0.890378)]
16,39: [(0 0 0),(0.472876 0.0364663 -0.880374)]
17,0: [(0 0 0),(-0.472319 0.0607054 -0.879335)]
17,1: [(0 0 0),(-0.453177 0.0613936 -0.889304)]
17,2: [(0 0 0),(-0.433388 0.0620677 -0.899068)]
17,3: [(0 0 0),(-0.412951 0.0627251 -0.908591)]
17,4: [(0 0 0),(-0.391871 0.0633633 -0.917836)]
17,5: [(0 0 0),(-0.370155 0.0639797 -0.926764)]
17,6: [(0 0 0),(-0.347815 0.0645716 -0.935337)]
17,7: [(0 0 0),(-0.324866 0.0651361 -0.943514)]
17,8: [(0 0 0),(-0.301329 0.0656705 -0.951256)]
17,9: [(0 0 0),(-0.277228 0.0661722 -0.958523)]
17,10: [(0 0 0),(-0.252593 0.0666384 -0.965275)]
17,11: [(0 0 0),(-0.227456 0.0670664 -0.971476)]
17,12: [(0 0 0),(-0.201856 0.067454 -0.97709)]
17,13: [(0 0 0),(-0.175836 0.0677986 -0.982082)]
17,14: [(0 0 0),(-0.149442 0.0680983 -0.986423)]
17,15: [(0 0 0),(-0.122724 0.0683511 -0.990084)]
17,16: [(0 0 0),(-0.0957375 0.0685553 -0.993043)]
17,17: [(0 0 0),(-0.068538 0.0687097 -0.99528)]
17,18: [(0 0 0),(-0.0411847 0.0688132 -0.996779)]
17,19: [(0 0 0),(-0.0137386 0.0688652 -0.997531)]
17,20: [(0 0 0),(0.0137386 0.0688652 -0.997531)]
17,21: [(0 0 0),(0.0411847 0.0688132 -0.996779)]
17,22: [(0 0 0),(0.068538 0.0687097 -0.99528)]
17,23: [(0 0 0),(0.0957375 0.0685553 -0.993043)]
17,24: [(0 0 0),(0.122724 0.0683511 -0.990084)]
17,25: [(0 0 0),(0.149442 0.0680983 -0.986423)]
17,26: [(0 0 0),(0.175836 0.0677986 -0.982082)]
17,27: [(0 0 0),(0.201856 0.067454 -0.97709)]
17,28: [(0 0 0),(0.227456 0.0670664 -0.971476)]
17,29: [(0 0 0),(0.252593 0.0666384 -0.965275)]
17,30: [(0 0 0),(0.277228 0.0661722 -0.958523)]
17,31: [(0 0 0),(0.301329 0.0656705 -0.951256)]
17,32: [(0 0 0),(0.324866 0.0651361 -0.943514)]
17,33: [(0 0 0),(0.347815 0.0645716 -0.935337)]
17,34: [(0 0 0),(0.370155 0.0639797 -0.926764)]
17,35: [(0 0 0),(0.391871 0.0633633 -0.917836)]
17,36: [(0 0 0),(0.412951 0.0627251 -0.908591)]
17,37: [(0 0 0),(0.433388 0.0620677 -0.899068)]
17,38: [(0 0 0),(0.453177 0.0613936 -0.889304)]
17,39: [(0 0 0),(0.472319 0.0607054 -0.879335)]
18,0: [(0 0 0),(-0.471485 0.0848376 -0.877784)]
18,1: [(0 0 0),(-0.452359 0.085796 -0.887699)]
18,2: [(0 0 0),(-0.432588 0.0867345 -0.89741)]
18,3: [(0 0 0),(-0.412173 0.0876498 -0.90688)]
18,4: [(0 0 0),(-0.391118 0.0885382 -0.916072)]
18,5: [(0 0 0),(-0.36943 0.0893961 -0.924949)]
18,6: [(0 0 0),(-0.347121 0.0902198 -0.933471)]
18,7: [(0 0 0),(-0.324207 0.0910054 -0.941599)]
18,8: [(0 0 0),(-0.300707 0.091749 -0.949293)]
18,9: [(0 0 0),(-0.276648 0.092447 -0.956514)]
18,10: [(0 0 0),(-0.252056 0.0930955 -0.963224)]
18,11: [(0 0 0),(-0.226966 0.093691 -0.969386)]
18,12: [(0 0 0),(-0.201417 0.09423 -0.974963)]
18,13: [(0 0 0),(-0.175449 0.0947093 -0.979922)]
18,14: [(0 0 0),(-0.14911 0.0951261 -0.984234)]
18,15: [(0 0 0),(-0.12245 0.0954776 -0.987871)]
18,16: [(0 0 0),(-0.0955223 0.0957617 -0.99081)]
18,17: [(0 0 0),(-0.0683832 0.0959764 -0.993032)]
18,18: [(0 0 0),(-0.0410914 0.0961203 -0.994521)]
18,19: [(0 0 0),(-0.0137074 0.0961925 -0.995268)]
18,20: [(0 0 0),(0.0137074 0.0961925 -0.995268)]
18,21: [(0 0 0),(0.0410914 0.0961203 -0.994521)]
18,22: [(0 0 0),(0.0683832 0.0959764 -0.993032)]
18,23: [(0 0 0),(0.0955223 0.0957617 -0.99081)]
18,24: [(0 0 0),(0.12245 0.0954776 -0.987871)]
18,25: [(0 0 0),(0.14911 0.0951261 -0.984234)]
18,26: [(0 0 0),(0.175449 0.0947093 -0.979922)]
18,27: [(0 0 0),(0.201417 0.09423 -0.974963)]
18,28: [(0 0 0),(0.226966 0.093691 -0.969386)]
18,29: [(0 0 0),(0.252056 0.0930955 -0.963224)]
18,30: [(0 0 0),(0.276648 0.092447 -0.956514)]
18,31: [(0 0 0),(0.300707 0.091749 -0.949293)]
18,32: [(0 0 0),(0.324207 0.0910054 -0.941599)]
18,33: [(0 0 0),(0.347121 0.0902198 -0.933471)]
18,34: [(0 0 0),(0.36943 0.0893961 -0.924949)]
18,35: [(0 0 0),(0.391118 0.0885382 -0.916072)]
18,36: [(0 0 0),(0.412173 0.0876498 -0.90688)]
18,37: [(0 0 0),(0.432588 0.0867345 -0.89741)]
18,38: [(0 0 0),(0.452359 0.085796 -0.887699)]
18,39: [(0 0 0),(0.471485 0.0848376 -0.877784)]
19,0: [(0 0 0),(-0.470381 0.108822 -0.875728)]
19,1: [(0 0 0),(-0.451276 0.110045 -0.885573)]
19,2: [(0 0 0),(-0.43153 0.111243 -0.895213)]
19,3: [(0 0 0),(-0.411143 0.112411 -0.904613)]
19,4: [(0 0 0),(-0.39012 0.113545 -0.913736)]
19,5: [(0 0 0),(-0.368469 0.114639 -0.922544)]
19,6: [(0 0 0),(-0.346202 0.11569 -0.931)]
19,7: [(0 0 0),(-0.323333 0.116692 -0.939063)]
19,8: [(0 0 0),(-0.299884 0.11764 -0.946694)]
19,9: [(0 0 0),(-0.275879 0.11853 -0.953856)]
19,10: [(0 0 0),(-0.251346 0.119357 -0.96051)]
19,11: [(0 0 0),(-0.226319 0.120116 -0.966619)]
19,12: [(0 0 0),(-0.200835 0.120803 -0.972148)]
19,13: [(0 0 0),(-0.174937 0.121414 -0.977065)]
19,14: [(0 0 0),(-0.148672 0.121945 -0.981339)]
19,15: [(0 0 0),(-0.122087 0.122393 -0.984944)]
19,16: [(0 0 0),(-0.0952375 0.122755 -0.987857)]
19,17: [(0 0 0),(-0.0681784 0.123029 -0.990058)]
19,18: [(0 0 0),(-0.040968 0.123212 -0.991534)]
19,19: [(0 0 0),(-0.0136662 0.123304 -0.992275)]
19,20: [(0 0 0),(0.0136662 0.123304 -0.992275)]
19,21: [(0 0 0),(0.040968 0.123212 -0.991534)]
19,22: [(0 0 0),(0.0681784 0.123029 -0.990058)]
19,23: [(0 0 0),(0.0952375 0.122755 -0.987857)]
19,24: [(0 0 0),(0.122087 0.122393 -0.984944)]
19,25: [(0 0 0),(0.148672 0.121945 -0.981339)]
19,26: [(0 0 0),(0.174937 0.121414 -0.977065)]
19,27: [(0 0 0),(0.200835 0.120803 -0.972148)]
19,28: [(0 0 0),(0.226319 0.120116 -0.966619)]
19,29: [(0 0 0),(0.251346 0.119357 -0.96051)]
19,30: [(0 0 0),(0.275879 0.11853 -0.953856)]
19,31: [(0 0 0),(0.299884 0.11764 -0.946694)]
19,32: [(0 0 0),(0.323333 0.116692 -0.939063)]
19,33: [(0 0 0),(0.346202 0.11569 -0.931)]
19,34: [(0 0 0),(0.368469 0.114639 -0.922544)]
19,35: [(0 0 0),(0.39012 0.113545 -0.913736)]
19,36: [(0 0 0),(0.411143 0.112411 -0.904613)]
19,37: [(0 0 0),(0.43153 0.111243 -0.895213)]
19,38: [(0 0 0),(0.451276 0.110045 -0.885573)]
19,39: [(0 0 0),(0.470381 0.108822 -0.875728)]
20,0: [(0 0 0),(-0.469012 0.132617 -0.873179)]
20,1: [(0 0 0),(-0.449933 0.134099 -0.882937)]
20,2: [(0 0 0),(-0.430217 0.13555 -0.892491)]
20,3: [(0 0 0),(-0.409866 0.136964 -0.901804)]
20,4: [(0 0 0),(-0.388884 0.138337 -0.910841)]
20,5: [(0 0 0),(-0.367279 0.139662 -0.919565)]
20,6: [(0 0 0),(-0.345063 0.140934 -0.927938)]
20,7: [(0 0 0),(-0.322252 0.142146 -0.935921)]
20,8: [(0 0 0),(-0.298865 0.143294 -0.943476)]
20,9: [(0 0 0),(-0.274927 0.14437 -0.950564)]
20,10: [(0 0 0),(-0.250466 0.14537 -0.957149)]
20,11: [(0 0 0),(-0.225517 0.146288 -0.963194)]
20,12: [(0 0 0),(-0.200115 0.147119 -0.968664)]
20,13: [(0 0 0),(-0.174304 0.147858 -0.973528)]
20,14: [(0 0 0),(-0.148129 0.1485 -0.977755)]
20,15: [(0 0 0),(-0.121638 0.149041 -0.981321)]
20,16: [(0 0 0),(-0.0948851 0.149479 -0.984202)]
20,17: [(0 0 0),(-0.067925 0.14981 -0.986379)]
20,18: [(0 0 0),(-0.0408153 0.150031 -0.987838)]
20,19: [(0 0 0),(-0.0136152 0.150142 -0.988571)]
20,20: [(0 0 0),(0.0136152 0.150142 -0.988571)]
20,21: [(0 0 0),(0.0408153 0.150031 -0.987838)]
20,22: [(0 0 0),(0.067925 0.14981 -0.986379)]
20,23: [(0 0 0),(0.0948851 0.149479 -0.984202)]
20,24: [(0 0 0),(0.121638 0.149041 -0.981321)]
20,25: [(0 0 0),(0.148129 0.1485 -0.977755)]
20,26: [(0 0 0),(0.174304 0.147858 -0.973528)]
20,27: [(0 0 0),(0.200115 0.147119 -0.968664)]
20,28: [(0 0 0),(0.225517 0.146288 -0.963194)]
20,29: [(0 0 0),(0.250466 0.14537 -0.957149)]
20,30: [(0 0 0),(0.274927 0.14437 -0.950564)]
20,31: [(0 0 0),(0.298865 0.143294 -0.943476)]
20,32: [(0 0 0),(0.322252 0.142146 -0.935921)]
20,33: [(0 0 0),(0.345063 0.140934 -0.927938)]
20,34: [(0 0 0),(0.367279 0.139662 -0.919565)]
20,35: [(0 0 0),(0.388884 0.138337 -0.910841)]
20,36: [(0 0 0),(0.409866 0.136964 -0.901804)]
20,37: [(0 0 0),(0.430217 0.13555 -0.892491)]
20,38: [(0 0 0),(0.449933 0.134099 -0.882937)]
20,39: [(0 0 0),(0.469012 0.132617 -0.873179)]
21,0: [(0 0 0),(-0.467384 0.156185 -0.870148)]
21,1: [(0 0 0),(-0.448336 0.157918 -0.879805)]
21,2: [(0 0 0),(-0.428658 0.159615 -0.889256)]
21,3: [(0 0 0),(-0.40835 0.161268 -0.898467)]
21,4: [(0 0 0),(-0.387417 0.162872 -0.907404)]
21,5: [(0 0 0),(-0.365867 0.16442 -0.916028)]
21,6: [(0 0 0),(-0.343712 0.165906 -0.924304)]
21,7: [(0 0 0),(-0.320968 0.167322 -0.932193)]
21,8: [(0 0 0),(-0.297655 0.168661 -0.939657)]
21,9: [(0 0 0),(-0.273797 0.169918 -0.946659)]
21,10: [(0 0 0),(-0.249423 0.171085 -0.953162)]
21,11: [(0 0 0),(-0.224565 0.172157 -0.959131)]
21,12: [(0 0 0),(-0.199262 0.173126 -0.964532)]
21,13: [(0 0 0),(-0.173553 0.173988 -0.969333)]
21,14: [(0 0 0),(-0.147485 0.174737 -0.973507)]
21,15: [(0 0 0),(-0.121106 0.175369 -0.977026)]
21,16: [(0 0 0),(-0.0944674 0.175879 -0.979869)]
21,17: [(0 0 0),(-0.0676247 0.176265 -0.982017)]
21,18: [(0 0 0),(-0.0406343 0.176523 -0.983457)]
21,19: [(0 0 0),(-0.0135547 0.176653 -0.98418)]
21,20: [(0 0 0),(0.0135547 0.176653 -0.98418)]
21,21: [(0 0 0),(0.0406343 0.176523 -0.983457)]
21,22: [(0 0 0),(0.0676247 0.176265 -0.982017)]
21,23: [(0 0 0),(0.0944674 0.175879 -0.979869)]
21,24: [(0 0 0),(0.121106 0.175369 -0.977026)]
21,25: [(0 0 0),(0.147485 0.174737 -0.973507)]
21,26: [(0 0 0),(0.173553 0.173988 -0.969333)]
21,27: [(0 0 0),(0.199262 0.173126 -0.964532)]
21,28: [(0 0 0),(0.224565 0.172157 -0.959131)]
21,29: [(0 0 0),(0.249423 0.171085 -0.953162)]
21,30: [(0 0 0),(0.273797 0.169918 -0.946659)]
21,31: [(0 0 0),(0.297655 0.168661 -0.939657)]
21,32: [(0 0 0),(0.320968 0.167322 -0.932193)]
21,33: [(0 0 0),(0.343712 0.165906 -0.924304)]
21,34: [(0 0 0),(0.365867 0.16442 -0.916028)]
21,35: [(0 0 0),(0.387417 0.162872 -0.907404)]
21,36: [(0 0 0),(0.40835 0.161268 -0.898467)]
21,37: [(0 0 0),(0.428658 0.159615 -0.889256)]
21,38: [(0 0 0),(0.448336 0.157918 -0.879805)]
21,39: [(0 0 0),(0.467384 0.156185 -0.870148)]
22,0: [(0 0 0),(-0.465506 0.17949 -0.866653)]
22,1: [(0 0 0),(-0.446495 0.181465 -0.876192)]
22,2: [(0 0 0),(-0.42686 0.183398 -0.885526)]
22,3: [(0 0 0),(-0.406601 0.185282 -0.894621)]
22,4: [(0 0 0),(-0.385725 0.187109 -0.903441)]
22,5: [(0 0 0),(-0.364239 0.188872 -0.911953)]
22,6: [(0 0 0),(-0.342155 0.190563 -0.920117)]
22,7: [(0 0 0),(-0.319489 0.192174 -0.927899)]
22,8: [(0 0 0),(-0.296262 0.193699 -0.935259)]
22,9: [(0 0 0),(-0.272497 0.195128 -0.942163)]
22,10: [(0 0 0),(-0.248222 0.196456 -0.948573)]
22,11: [(0 0 0),(-0.223471 0.197674 -0.954456)]
22,12: [(0 0 0),(-0.19828 0.198776 -0.959778)]
22,13: [(0 0 0),(-0.172689 0.199756 -0.964508)]
22,14: [(0 0 0),(-0.146744 0.200608 -0.968619)]
22,15: [(0 0 0),(-0.120493 0.201325 -0.972085)]
22,16: [(0 0 0),(-0.0939869 0.201905 -0.974885)]
22,17: [(0 0 0),(-0.0672792 0.202343 -0.977001)]
22,18: [(0 0 0),(-0.0404261 0.202637 -0.978419)]
22,19: [(0 0 0),(-0.0134852 0.202785 -0.97913)]
22,20: [(0 0 0),(0.0134852 0.202785 -0.97913)]
22,21: [(0 0 0),(0.0404261 0.202637 -0.978419)]
22,22: [(0 0 0),(0.0672792 0.202343 -0.977001)]
22,23: [(0 0 0),(0.0939869 0.201905 -0.974885)]
22,24: [(0 0 0),(0.120493 0.201325 -0.972085)]
22,25: [(0 0 0),(0.146744 0.200608 -0.968619)]
22,26: [(0 0 0),(0.172689 0.199756 -0.964508)]
22,27: [(0 0 0),(0.19828 0.198776 -0.959778)]
22,28: [(0 0 0),(0.223471 0.197674 -0.954456)]
22,29: [(0 0 0),(0.248222 0.196456 -0.948573)]
22,30: [(0 0 0),(0.272497 0.195128 -0.942163)]
22,31: [(0 0 0),(0.296262 0.193699 -0.935259)]
22,32: [(0 0 0),(0.319489 0.192174 -0.927899)]
22,33: [(0 0 0),(0.342155 0.190563 -0.920117)]
22,34: [(0 0 0),(0.364239 0.188872 -0.911953)]
22,35: [(0 0 0),(0.385725 0.187109 -0.903441)]
22,36: [(0 0 0),(0.406601 0.185282 -0.894621)]
22,37: [(0 0 0),(0.42686 0.183398 -0.885526)]
22,38: [(0 0 0),(0.446495 0.181465 -0.876192)]
22,39: [(0 0 0),(0.465506 0.17949 -0.866653)]
23,0: [(0 0 0),(-0.463388 0.202496 -0.862709)]
23,1: [(0 0 0),(-0.444419 0.204704 -0.872117)]
23,2: [(0 0 0),(-0.424832 0.206864 -0.88132)]
23,3: [(0 0 0),(-0.404631 0.208968 -0.890284)]
23,4: [(0 0 0),(-0.383819 0.211009 -0.898976)]
23,5: [(0 0 0),(-0.362405 0.212977 -0.907361)]
23,6: [(0 0 0),(-0.340402 0.214864 -0.915402)]
23,7: [(0 0 0),(-0.317824 0.216662 -0.923063)]
23,8: [(0 0 0),(-0.294694 0.218363 -0.930308)]
23,9: [(0 0 0),(-0.271033 0.219958 -0.937102)]
23,10: [(0 0 0),(-0.246871 0.221438 -0.943409)]
23,11: [(0 0 0),(-0.222239 0.222796 -0.949195)]
23,12: [(0 0 0),(-0.197175 0.224025 -0.954429)]
23,13: [(0 0 0),(-0.171717 0.225116 -0.959081)]
23,14: [(0 0 0),(-0.145912 0.226065 -0.963122)]
23,15: [(0 0 0),(-0.119805 0.226865 -0.966529)]
23,16: [(0 0 0),(-0.0934467 0.227511 -0.969281)]
23,17: [(0 0 0),(-0.0668908 0.227999 -0.971361)]
23,18: [(0 0 0),(-0.0401921 0.228326 -0.972755)]
23,19: [(0 0 0),(-0.013407 0.22849 -0.973454)]
23,20: [(0 0 0),(0.013407 0.22849 -0.973454)]
23,21: [(0 0 0),(0.0401921 0.228326 -0.972755)]
23,22: [(0 0 0),(0.0668908 0.227999 -0.971361)]
23,23: [(0 0 0),(0.0934467 0.227511 -0.969281)]
23,24: [(0 0 0),(0.119805 0.226865 -0.966529)]
23,25: [(0 0 0),(0.145912 0.226065 -0.963122)]
23,26: [(0 0 0),(0.171717 0.225116 -0.959081)]
23,27: [(0 0 0),(0.197175 0.224025 -0.954429)]
23,28: [(0 0 0),(0.222239 0.222796 -0.949195)]
23,29: [(0 0 0),(0.246871 0.221438 -0.943409)]
23,30: [(0 0 0),(0.271033 0.219958 -0.937102)]
23,31: [(0 0 0),(0.294694 0.218363 -0.930308)]
23,32: [(0 0 0),(0.317824 0.216662 -0.923063)]
23,33: [(0 0 0),(0.340402 0.214864 -0.915402)]
23,34: [(0 0 0),(0.362405 0.212977 -0.907361)]
23,35: [(0 0 0),(0.383819 0.211009 -0.898976)]
23,36: [(0 0 0),(0.404631 0.208968 -0.890284)]
23,37: [(0 0 0),(0.424832 0.206864 -0.88132)]
23,38: [(0 0 0),(0.444419 0.204704 -0.872117)]
23,39: [(0 0 0),(0.463388 0.202496 -0.862709)]
24,0: [(0 0 0),(-0.461039 0.225172 -0.858336)]
24,1: [(0 0 0),(-0.442117 0.227602 -0.8676)]
24,2: [(0 0 0),(-0.422586 0.229979 -0.876659)]
24,3: [(0 0 0),(-0.402447 0.232293 -0.885481)]
24,4: [(0 0 0),(-0.381707 0.234536 -0.894031)]
24,5: [(0 0 0),(-0.360374 0.236699 -0.902277)]
24,6: [(0 0 0),(-0.338461 0.238773 -0.910182)]
24,7: [(0 0 0),(-0.315982 0.240748 -0.917712)]
24,8: [(0 0 0),(-0.292959 0.242616 -0.924831)]
24,9: [(0 0 0),(-0.269414 0.244367 -0.931505)]
24,10: [(0 0 0),(-0.245376 0.245991 -0.937699)]
24,11: [(0 0 0),(-0.220878 0.247482 -0.94338)]
24,12: [(0 0 0),(-0.195953 0.24883 -0.948518)]
24,13: [(0 0 0),(-0.170644 0.250027 -0.953083)]
24,14: [(0 0 0),(-0.144992 0.251068 -0.957049)]
24,15: [(0 0 0),(-0.119044 0.251945 -0.960392)]
24,16: [(0 0 0),(-0.0928499 0.252653 -0.963091)]
24,17: [(0 0 0),(-0.0664619 0.253188 -0.965131)]
24,18: [(0 0 0),(-0.0399336 0.253547 -0.966499)]
24,19: [(0 0 0),(-0.0133206 0.253727 -0.967184)]
24,20: [(0 0 0),(0.0133206 0.253727 -0.967184)]
24,21: [(0 0 0),(0.0399336 0.253547 -0.966499)]
24,22: [(0 0 0),(0.0664619 0.253188 -0.965131)]
24,23: [(0 0 0),(0.0928499 0.252653 -0.963091)]
24,24: [(0 0 0),(0.119044 0.251945 -0.960392)]
24,25: [(0 0 0),(0.144992 0.251068 -0.957049)]
24,26: [(0 0 0),(0.170644 0.250027 -0.953083)]
24,27: [(0 0 0),(0.195953 0.24883 -0.948518)]
24,28: [(0 0 0),(0.220878 0.247482 -0.94338)]
24,29: [(0 0 0),(0.245376 0.245991 -0.937699)]
24,30: [(0 0 0),(0.269414 0.244367 -0.931505)]
24,31: [(0 0 0),(0.292959 0.242616 -0.924831)]
24,32: [(0 0 0),(0.315982 0.240748 -0.917712)]
24,33: [(0 0 0),(0.338461 0.238773 -0.910182)]
24,34: [(0 0 0),(0.360374 0.236699 -0.902277)]
24,35: [(0 0 0),(0.381707 0.234536 -0.894031)]
24,36: [(0 0 0),(0.402447 0.232293 -0.885481)]
24,37: [(0 0 0),(0.422586 0.229979 -0.876659)]
24,38: [(0 0 0),(0.442117 0.227602 -0.8676)]
24,39: [(0 0 0),(0.461039 0.225172 -0.858336)]
25,0: [(0 0 0),(-0.458471 0.247488 -0.853554)]
25,1: [(0 0 0),(-0.439601 0.250129 -0.862662)]
25,2: [(0 0 0),(-0.420131 0.25271 -0.871566)]
25,3: [(0 0 0),(-0.400063 0.255223 -0.880234)]
25,4: [(0 0 0),(-0.379402 0.257658 -0.888632)]
25,5: [(0 0 0),(-0.358158 0.260006 -0.896727)]
25,6: [(0 0 0),(-0.336343 0.262255 -0.904486)]
25,7: [(0 0 0),(-0.313972 0.264398 -0.911875)]
25,8: [(0 0 0),(-0.291066 0.266422 -0.918858)]
25,9: [(0 0 0),(-0.267649 0.26832 -0.925402)]
25,10: [(0 0 0),(-0.243748 0.27008 -0.931474)]
25,11: [(0 0 0),(-0.219394 0.271695 -0.937042)]
25,12: [(0 0 0),(-0.194623 0.273155 -0.942077)]
25,13: [(0 0 0),(-0.169474 0.274451 -0.946549)]
25,14: [(0 0 0),(-0.143989 0.275578 -0.950434)]
25,15: [(0 0 0),(-0.118215 0.276527 -0.953708)]
25,16: [(0 0 0),(-0.0922001 0.277294 -0.956351)]
25,17: [(0 0 0),(-0.0659948 0.277873 -0.958348)]
25,18: [(0 0 0),(-0.0396522 0.278261 -0.959687)]
25,19: [(0 0 0),(-0.0132266 0.278455 -0.960358)]
25,20: [(0 0 0),(0.0132266 0.278455 -0.960358)]
25,21: [(0 0 0),(0.0396522 0.278261 -0.959687)]
25,22: [(0 0 0),(0.0659948 0.277873 -0.958348)]
25,23: [(0 0 0),(0.0922001 0.277294 -0.956351)]
25,24: [(0 0 0),(0.118215 0.276527 -0.953708)]
25,25: [(0 0 0),(0.143989 0.275578 -0.950434)]
25,26: [(0 0 0),(0.169474 0.274451 -0.946549)]
25,27: [(0 0 0),(0.194623 0.273155 -0.942077)]
25,28: [(0 0 0),(0.219394 0.271695 -0.937042)]
25,29: [(0 0 0),(0.243748 0.27008 -0.931474)]
25,30: [(0 0 0),(0.267649 0.26832 -0.925402)]
25,31: [(0 0 0),(0.291066 0.266422 -0.918858)]
25,32: [(0 0 0),(0.313972 0.264398 -0.911875)]
25,33: [(0 0 0),(0.336343 0.262255 -0.904486)]
25,34: [(0 0 0),(0.358158 0.260006 -0.896727)]
25,35: [(0 0 0),(0.379402 0.257658 -0.888632)]
25,36: [(0 0 0),(0.400063 0.255223 -0.880234)]
25,37: [(0 0 0),(0.420131 0.25271 -0.871566)]
25,38: [(0 0 0),(0.439601 0.250129 -0.862662)]
25,39: [(0 0 0),(0.458471 0.247488 -0.853554)]
26,0: [(0 0 0),(-0.455694 0.269416 -0.848385)]
26,1: [(0 0 0),(-0.436882 0.272256 -0.857327)]
26,2: [(0 0 0),(-0.417479 0.275031 -0.866065)]
26,3: [(0 0 0),(-0.397488 0.277731 -0.874568)]
26,4: [(0 0 0),(-0.376914 0.280346 -0.882803)]
26,5: [(0 0 0),(-0.355766 0.282867 -0.89074)]
26,6: [(0 0 0),(-0.334058 0.285281 -0.898343)]
26,7: [(0 0 0),(-0.311805 0.287579 -0.90558)]
26,8: [(0 0 0),(-0.289027 0.289751 -0.912419)]
26,9: [(0 0 0),(-0.265747 0.291786 -0.918825)]
26,10: [(0 0 0),(-0.241993 0.293673 -0.924768)]
26,11: [(0 0 0),(-0.217795 0.295403 -0.930216)]
26,12: [(0 0 0),(-0.19319 0.296967 -0.935141)]
26,13: [(0 0 0),(-0.168214 0.298356 -0.939515)]
26,14: [(0 0 0),(-0.142911 0.299562 -0.943313)]
26,15: [(0 0 0),(-0.117324 0.300578 -0.946514)]
26,16: [(0 0 0),(-0.0915008 0.301399 -0.949098)]
26,17: [(0 0 0),(-0.0654921 0.302019 -0.95105)]
26,18: [(0 0 0),(-0.0393493 0.302434 -0.952358)]
26,19: [(0 0 0),(-0.0131255 0.302643 -0.953014)]
26,20: [(0 0 0),(0.0131255 0.302643 -0.953014)]
26,21: [(0 0 0),(0.0393493 0.302434 -0.952358)]
26,22: [(0 0 0),(0.0654921 0.302019 -0.95105)]
26,23: [(0 0 0),(0.0915008 0.301399 -0.949098)]
26,24: [(0 0 0),(0.117324 0.300578 -0.946514)]
26,25: [(0 0 0),(0.142911 0.299562 -0.943313)]
26,26: [(0 0 0),(0.168214 0.298356 -0.939515)]
26,27: [(0 0 0),(0.19319 0.296967 -0.935141)]
26,28: [(0 0 0),(0.217795 0.295403 -0.930216)]
26,29: [(0 0 0),(0.241993 0.293673 -0.924768)]
26,30: [(0 0 0),(0.265747 0.291786 -0.918825)]
26,31: [(0 0 0),(0.289027 0.289751 -0.912419)]
26,32: [(0 0 0),(0.311805 0.287579 -0.90558)]
26,33: [(0 0 0),(0.334058 0.285281 -0.898343)]
26,34: [(0 0 0),(0.355766 0.282867 -0.89074)]
26,35: [(0 0 0),(0.376914 0.280346 -0.882803)]
26,36: [(0 0 0),(0.397488 0.277731 -0.874568)]
26,37: [(0 0 0),(0.417479 0.275031 -0.866065)]
26,38: [(0 0 0),(0.436882 0.272256 -0.857327)]
26,39: [(0 0 0),(0.455694 0.269416 -0.848385)]
27,0: [(0 0 0),(-0.452722 0.290934 -0.842852)]
27,1: [(0 0 0),(-0.433973 0.29396 -0.851619)]
27,2: [(0 0 0),(-0.414643 0.296916 -0.860182)]
27,3: [(0 0 0),(-0.394734 0.299791 -0.86851)]
27,4: [(0 0 0),(-0.374254 0.302574 -0.876574)]
27,5: [(0 0 0),(-0.353211 0.305255 -0.884342)]
27,6: [(0 0 0),(-0.331618 0.307823 -0.891782)]
27,7: [(0 0 0),(-0.309491 0.310267 -0.89886)]
27,8: [(0 0 0),(-0.28685 0.312575 -0.905546)]
27,9: [(0 0 0),(-0.263717 0.314736 -0.911808)]
27,10: [(0 0 0),(-0.240121 0.31674 -0.917615)]
27,11: [(0 0 0),(-0.216091 0.318578 -0.922937)]
27,12: [(0 0 0),(-0.191662 0.320238 -0.927746)]
27,13: [(0 0 0),(-0.166872 0.321712 -0.932017)]
27,14: [(0 0 0),(-0.141761 0.322991 -0.935724)]
27,15: [(0 0 0),(-0.116373 0.32407 -0.938848)]
27,16: [(0 0 0),(-0.0907558 0.32494 -0.94137)]
27,17: [(0 0 0),(-0.0649567 0.325598 -0.943274)]
27,18: [(0 0 0),(-0.0390268 0.326038 -0.944551)]
27,19: [(0 0 0),(-0.0130177 0.326259 -0.945191)]
27,20: [(0 0 0),(0.0130177 0.326259 -0.945191)]
27,21: [(0 0 0),(0.0390268 0.326038 -0.944551)]
27,22: [(0 0 0),(0.0649567 0.325598 -0.943274)]
27,23: [(0 0 0),(0.0907558 0.32494 -0.94137)]
27,24: [(0 0 0),(0.116373 0.32407 -0.938848)]
27,25: [(0 0 0),(0.141761 0.322991 -0.935724)]
27,26: [(0 0 0),(0.166872 0.321712 -0.932017)]
27,27: [(0 0 0),(0.191662 0.320238 -0.927746)]
27,28: [(0 0 0),(0.216091 0.318578 -0.922937)]
27,29: [(0 0 0),(0.240121 0.31674 -0.917615)]
27,30: [(0 0 0),(0.263717 0.314736 -0.911808)]
27,31: [(0 0 0),(0.28685 0.312575 -0.905546)]
27,32: [(0 0 0),(0.309491 0.310267 -0.89886)]
27,33: [(0 0 0),(0.331618 0.307823 -0.891782)]
27,34: [(0 0 0),(0.353211 0.305255 -0.884342)]
27,35: [(0 0 0),(0.374254 0.302574 -0.876574)]
27,36: [(0 0 0),(0.394734 0.299791 -0.86851)]
27,37: [(0 0 0),(0.414643 0.296916 -0.860182)]
27,38: [(0 0 0),(0.433973 0.29396 -0.851619)]
27,39: [(0 0 0),(0.452722 0.290934 -0.842852)]
28,0: [(0 0 0),(-0.449568 0.312019 -0.836979)]
28,1: [(0 0 0),(-0.430886 0.315219 -0.845561)]
28,2: [(0 0 0),(-0.411635 0.318343 -0.853941)]
28,3: [(0 0 0),(-0.391815 0.32138 -0.862088)]
28,4: [(0 0 0),(-0.371435 0.324319 -0.869973)]
28,5: [(0 0 0),(-0.350504 0.327149 -0.877565)]
28,6: [(0 0 0),(-0.329034 0.329859 -0.884833)]
28,7: [(0 0 0),(-0.307042 0.332436 -0.891746)]
28,8: [(0 0 0),(-0.284546 0.33487 -0.898274)]
28,9: [(0 0 0),(-0.26157 0.337148 -0.904385)]
28,10: [(0 0 0),(-0.238141 0.33926 -0.91005)]
28,11: [(0 0 0),(-0.214289 0.341195 -0.915241)]
28,12: [(0 0 0),(-0.190048 0.342943 -0.919931)]
28,13: [(0 0 0),(-0.165453 0.344495 -0.924093)]
28,14: [(0 0 0),(-0.140546 0.345842 -0.927707)]
28,15: [(0 0 0),(-0.11537 0.346977 -0.930751)]
28,16: [(0 0 0),(-0.0899689 0.347893 -0.933208)]
28,17: [(0 0 0),(-0.0643913 0.348584 -0.935063)]
28,18: [(0 0 0),(-0.0386861 0.349048 -0.936306)]
28,19: [(0 0 0),(-0.012904 0.34928 -0.936929)]
28,20: [(0 0 0),(0.012904 0.34928 -0.936929)]
28,21: [(0 0 0),(0.0386861 0.349048 -0.936306)]
28,22: [(0 0 0),(0.0643913 0.348584 -0.935063)]
28,23: [(0 0 0),(0.0899689 0.347893 -0.933208)]
28,24: [(0 0 0),(0.11537 0.346977 -0.930751)]
28,25: [(0 0 0),(0.140546 0.345842 -0.927707)]
28,26: [(0 0 0),(0.165453 0.344495 -0.924093)]
28,27: [(0 0 0),(0.190048 0.342943 -0.919931)]
28,28: [(0 0 0),(0.214289 0.341195 -0.915241)]
28,29: [(0 0 0),(0.238141 0.33926 -0.91005)]
28,30: [(0 0 0),(0.26157 0.337148 -0.904385)]
28,31: [(0 0 0),(0.284546 0.33487 -0.898274)]
28,32: [(0 0 0),(0.307042 0.332436 -0.891746)]
28,33: [(0 0 0),(0.329034 0.329859 -0.884833)]
28,34: [(0 0 0),(0.350504 0.327149 -0.877565)]
28,35: [(0 0 0),(0.371435 0.324319 -0.869973)]
28,36: [(0 0 0),(0.391815 0.32138 -0.862088)]
28,37: [(0 0 0),(0.411635 0.318343 -0.853941)]
28,38: [(0 0 0),(0.430886 0.315219 -0.845561)]
28,39: [(0 0 0),(0.449568 0.312019 -0.836979)]
29,0: [(0 0 0),(-0.446243 0.332653 -0.830788)]
29,1: [(0 0 0),(-0.427635 0.336013 -0.83918)]
29,2: [(0 0 0),(-0.408467 0.339292 -0.84737)]
29,3: [(0 0 0),(-0.388743 0.342479 -0.855328)]
29,4: [(0 0 0),(-0.36847 0.345562 -0.863028)]
29,5: [(0 0 0),(-0.347658 0.348529 -0.870438)]
29,6: [(0 0 0),(-0.326318 0.351368 -0.877529)]
29,7: [(0 0 0),(-0.304468 0.354068 -0.884271)]
29,8: [(0 0 0),(-0.282126 0.356616 -0.890635)]
29,9: [(0 0 0),(-0.259316 0.359001 -0.89659)]
29,10: [(0 0 0),(-0.236063 0.36121 -0.902109)]
29,11: [(0 0 0),(-0.212398 0.363235 -0.907165)]
29,12: [(0 0 0),(-0.188353 0.365063 -0.91173)]
29,13: [(0 0 0),(-0.163965 0.366685 -0.915782)]
29,14: [(0 0 0),(-0.139273 0.368093 -0.919299)]
29,15: [(0 0 0),(-0.114317 0.369279 -0.922261)]
29,16: [(0 0 0),(-0.0891439 0.370236 -0.924651)]
29,17: [(0 0 0),(-0.0637985 0.370959 -0.926455)]
29,18: [(0 0 0),(-0.0383291 0.371443 -0.927664)]
29,19: [(0 0 0),(-0.0127847 0.371686 -0.928271)]
29,20: [(0 0 0),(0.0127847 0.371686 -0.928271)]
29,21: [(0 0 0),(0.0383291 0.371443 -0.927664)]
29,22: [(0 0 0),(0.0637985 0.370959 -0.926455)]
29,23: [(0 0 0),(0.0891439 0.370236 -0.924651)]
29,24: [(0 0 0),(0.114317 0.369279 -0.922261)]
29,25: [(0 0 0),(0.139273 0.368093 -0.919299)]
29,26: [(0 0 0),(0.163965 0.366685 -0.915782)]
29,27: [(0 0 0),(0.188353 0.365063 -0.91173)]
29,28: [(0 0 0),(0.212398 0.363235 -0.907165)]
29,29: [(0 0 0),(0.236063 0.36121 -0.902109)]
29,30: [(0 0 0),(0.259316 0.359001 -0.89659)]
29,31: [(0 0 0),(0.282126 0.356616 -0.890635)]
29,32: [(0 0 0),(0.304468 0.354068 -0.884271)]
29,33: [(0 0 0),(0.326318 0.351368 -0.877529)]
29,34: [(0 0 0),(0.347658 0.348529 -0.870438)]
29,35: [(0 0 0),(0.36847 0.345562 -0.863028)]
29,36: [(0 0 0),(0.388743 0.342479 -0.855328)]
29,37: [(0 0 0),(0.408467 0.339292 -0.84737)]
29,38: [(0 0 0),(0.427635 0.336013 -0.83918)]
29,39: [(0 0 0),(0.446243 0.332653 -0.830788)]
